0.000000 0.000000 0.000000
-0.468082 0.011522 -0.883610
0.385995 -0.257981 0.885694
-0.957561 0.125536 -0.259457
0.955418 -0.125727 0.267150
-0.521966 0.039071 0.852071
0.420683 0.055228 -0.905525
0.451369 0.891692 -0.033937
-0.291334 -0.951165 0.102026
-0.058221 0.810875 -0.582317
-0.119196 -0.824103 0.553757
0.200249 -0.378364 -0.903737
-0.198508 0.375720 0.905223
0.760871 0.555848 -0.334826
0.000000 0.000000 0.000000
-0.842503 -0.496874 0.208099
0.866362 0.301771 0.397934
-0.900195 -0.363086 -0.240452
-0.533677 -0.730700 0.425755
0.375273 0.793280 -0.479455
0.143126 -0.967866 0.206760
0.034550 0.984964 -0.169268
0.636233 -0.284688 -0.717050
-0.582953 0.497111 0.642686
0.830100 0.098029 -0.548930
-0.761727 -0.279078 0.584711
0.095926 -0.960763 -0.260253
-0.244603 0.947524 0.205833
0.000000 0.000000 0.000000
0.372066 -0.704082 -0.604843
-0.230601 0.760417 0.607116
-0.637668 0.729222 0.248223
0.504297 -0.848212 -0.161928
-0.986037 -0.075970 0.148189
0.970892 0.227361 -0.075332
0.717802 -0.030666 0.695572
-0.769476 -0.175429 -0.614110
-0.122302 -0.087845 0.988598
-0.014899 0.022336 -0.999639
-0.064977 -0.727079 -0.683472
0.166428 0.634471 0.754816
-0.730564 0.294488 -0.616079
0.000000 0.000000 0.000000
0.711131 -0.439983 0.548369
-0.321248 -0.878082 -0.354645
0.168820 0.925845 0.338098
0.957262 -0.183168 -0.223829
-0.908805 0.387179 0.155451
0.326214 -0.689288 0.646890
-0.479828 0.663975 -0.573500
-0.429084 0.882251 -0.193702
0.545913 -0.789477 0.280545
-0.578198 -0.574984 -0.578862
0.531446 0.714827 0.454518
-0.277447 -0.392593 -0.876866
0.226886 0.177386 0.957631
0.000000 0.000000 0.000000
-0.423218 -0.446547 0.788342
0.566548 0.419811 -0.709071
-0.659251 -0.744656 -0.104287
0.775873 0.623547 0.095968
-0.785496 0.577909 -0.221396
0.848128 -0.522399 0.088194
0.002793 -0.489430 0.872038
0.157613 0.481101 -0.862380
-0.836392 0.163496 0.523181
0.751041 -0.545277 -0.372304
0.547289 0.379508 0.745955
-0.271563 0.405927 -0.872626
0.000000 0.000000 0.000000
-0.461371 -0.003470 -0.887201
0.380719 -0.244741 0.891714
-0.955619 0.119036 -0.269486
0.954387 -0.120398 0.273222
-0.528230 0.048785 0.847699
0.425141 0.043651 -0.904074
0.449959 0.891882 -0.045650
-0.290969 -0.950408 0.109821
-0.054701 0.800237 -0.597184
-0.123527 -0.817969 0.561843
0.208956 -0.390695 -0.896490
-0.207725 0.389658 0.897227
0.762860 0.550596 -0.338952
0.000000 0.000000 0.000000
-0.844601 -0.494747 0.204630
0.862813 0.307288 0.401407
-0.896899 -0.366675 -0.247226
-0.538250 -0.726162 0.427756
0.378801 0.786020 -0.488551
0.141747 -0.965749 0.217339
0.035627 0.982263 -0.184092
0.641322 -0.292440 -0.709355
-0.589436 0.503884 0.631401
0.834221 0.091639 -0.543762
-0.767526 -0.272310 0.580302
0.097819 -0.961969 -0.255042
-0.247011 0.949611 0.192936
0.000000 0.000000 0.000000
0.377823 -0.709667 -0.594662
-0.236814 0.766759 0.596657
-0.641039 0.731090 0.233615
0.507521 -0.848517 -0.149806
-0.987356 -0.075635 0.139308
0.971240 0.227186 -0.071270
0.713134 -0.022515 0.700667
-0.763465 -0.182766 -0.619450
-0.128982 -0.079727 0.988437
-0.008246 0.012232 -0.999891
-0.058586 -0.731905 -0.678883
0.160319 0.642573 0.749265
-0.726457 0.286374 -0.624700
0.000000 0.000000 0.000000
0.708834 -0.433998 0.556058
-0.318079 -0.880621 -0.351187
0.166195 0.929001 0.330662
0.958086 -0.183300 -0.220162
-0.910078 0.387587 0.146749
0.325828 -0.685434 0.651166
-0.478603 0.658835 -0.580409
-0.430306 0.879514 -0.203204
0.547597 -0.786803 0.284742
-0.572773 -0.581032 -0.578214
0.528468 0.720508 0.448987
-0.272810 -0.397268 -0.876215
0.223395 0.184393 0.957128
0.000000 0.000000 0.000000
-0.423967 -0.443535 0.789638
0.564631 0.414314 -0.713818
-0.657333 -0.746606 -0.102440
0.774689 0.625845 0.090414
-0.784839 0.575852 -0.228960
0.849671 -0.519190 0.092196
0.002663 -0.485735 0.874102
0.158042 0.472611 -0.866984
-0.838559 0.165143 0.519178
0.752098 -0.544400 -0.371453
0.548246 0.383410 0.743251
-0.272297 0.400507 -0.874899
0.000000 0.000000 0.000000
0.958097 -0.184474 -0.219135
-0.957565 0.161621 0.238639
-0.772088 -0.425593 -0.471965
0.862273 0.309970 0.400504
0.723119 -0.686269 -0.078311
-0.641287 0.731359 0.232087
0.143964 -0.965276 0.217982
-0.185180 0.981098 -0.056179
-0.572356 -0.583022 -0.576622
0.528772 0.721388 0.447213
-0.910448 0.387345 0.145077
0.957749 -0.286651 0.023385
0.774558 0.625950 0.090814
0.000000 0.000000 0.000000
-0.844254 -0.534003 -0.045553
0.507491 -0.848437 -0.150358
-0.451096 0.813417 0.367240
-0.763907 -0.183858 -0.618581
0.746603 0.258455 0.613013
0.002739 -0.486200 0.873843
0.157696 0.473373 -0.866631
0.953689 0.063417 -0.294032
-0.911124 -0.193596 0.363833
0.565672 -0.385828 0.728802
-0.530547 0.264711 -0.805263
-0.478539 0.657690 -0.581760
0.325386 -0.685260 0.651569
0.000000 0.000000 0.000000
-0.220993 -0.147989 -0.963982
0.223394 0.186226 0.956773
-0.430375 0.878749 -0.206344
0.547449 -0.785830 0.287699
-0.250485 0.626969 -0.737677
0.265757 -0.478716 0.836782
0.881251 0.468458 -0.062791
-0.843324 -0.496803 0.204918
-0.987548 -0.076698 0.137353
0.970884 0.228448 -0.072075
0.850965 -0.185930 0.491212
-0.843230 0.060163 -0.534175
0.121982 -0.859471 -0.496417
0.000000 0.000000 0.000000
-0.071940 0.919581 0.386259
0.291205 0.779397 0.554743
-0.318040 -0.694585 -0.645293
0.826720 -0.300985 -0.475333
-0.839964 0.163500 0.517424
-0.536394 -0.727572 0.427693
0.526013 0.623823 -0.578062
0.617771 0.764701 -0.183280
-0.548699 -0.823441 0.144477
-0.358732 -0.677112 0.642518
0.376820 0.785635 -0.490698
0.102026 -0.962511 -0.251324
-0.250204 0.949539 0.189138
0.000000 0.000000 0.000000
-0.287527 -0.951339 0.110824
0.446574 0.893441 -0.048316
0.135162 -0.090520 0.986680
-0.005979 0.011434 -0.999917
0.164497 0.930129 0.328331
-0.316195 -0.880935 -0.352101
0.455943 -0.492335 -0.741433
-0.397005 0.543738 0.739416
-0.724365 0.283083 -0.628616
0.707808 -0.432238 0.558729
0.789863 0.338856 -0.511168
-0.769144 -0.273640 0.577527
0.211974 -0.392418 -0.895028
0.000000 0.000000 0.000000
-0.210451 0.391361 0.895850
0.327341 0.276573 -0.903524
-0.256487 -0.305013 0.917159
0.402034 0.895431 0.191237
-0.553728 -0.760515 -0.339120
0.060342 -0.734225 0.676219
-0.055207 0.796855 -0.601643
0.568594 0.414539 -0.710534
-0.428195 -0.441658 0.788408
-0.264325 0.151678 0.952432
0.239975 -0.154177 -0.958458
-0.458095 -0.008160 -0.888866
0.488360 0.072975 0.869586
0.000000 0.000000 0.000000
-0.133450 -0.079731 0.987843
-0.067810 0.265399 -0.961751
0.850102 -0.518197 0.093802
-0.784982 0.573725 -0.233756
-0.895340 -0.369866 -0.248123
0.970108 0.143753 0.195515
0.380634 -0.708193 -0.594626
-0.239465 0.767640 0.594462
-0.610914 -0.191095 0.768288
0.656993 -0.011460 -0.753809
0.157635 0.643505 0.749034
-0.055896 -0.732233 -0.678756
-0.708040 -0.531745 0.464678
0.000000 0.000000 0.000000
0.761176 0.551888 -0.340631
0.723268 0.573573 0.384573
-0.656420 -0.747018 -0.105247
0.953807 -0.116215 0.277030
-0.955143 0.115089 -0.272868
0.378306 -0.239362 0.894198
-0.267959 0.397466 -0.877621
-0.121812 -0.817046 0.563557
0.165073 0.694782 -0.700020
-0.648603 0.758435 -0.063952
0.729497 -0.598675 0.330791
-0.980672 -0.124979 -0.150542
0.712146 -0.017976 0.701801
0.000000 0.000000 0.000000
0.003899 -0.536497 -0.843893
-0.074836 0.603129 0.794125
-0.920510 0.358090 -0.156310
0.754283 -0.542842 -0.369296
-0.270350 -0.399850 -0.875803
0.279986 0.433559 0.856525
-0.593344 0.503004 0.628434
0.643267 -0.290693 -0.708311
0.032635 0.982472 -0.183529
-0.135615 -0.942600 0.305146
0.291036 -0.956428 -0.023307
-0.265629 0.869963 -0.415459
0.533404 -0.745485 -0.399665
0.000000 0.000000 0.000000
-0.777990 0.514205 0.361005
-0.150112 -0.979253 -0.136122
0.236170 0.929008 -0.284898
0.428839 0.040294 -0.902482
-0.532134 0.050497 0.845153
0.543904 0.384030 0.746116
-0.545899 -0.290817 -0.785761
-0.675998 0.231007 0.699759
0.835817 0.091893 -0.541263
0.317872 -0.862164 0.394501
-0.695401 0.533590 -0.481351
0.000000 0.000000 0.000000
0.000000 0.000000 0.000000
0.000000 0.000000 0.000000
0.000000 0.000000 0.000000
0.000000 0.000000 0.000000
0.000000 0.000000 0.000000
0.000000 0.000000 0.000000
0.000000 0.000000 0.000000
0.000000 0.000000 0.000000
0.000000 0.000000 0.000000
0.000000 0.000000 0.000000
0.000000 0.000000 0.000000
0.000000 0.000000 0.000000
0.000000 0.000000 0.000000
0.000000 0.000000 0.000000
0.000000 0.000000 0.000000
0.000000 0.000000 0.000000
0.000000 0.000000 0.000000
0.000000 0.000000 0.000000
0.000000 0.000000 0.000000
